2012-11-09 02:04:51.673 ShortestPath[14919:303] DAPTO, 37.411667, 126.510000
2012-11-09 02:04:51.675 ShortestPath[14919:303] NAMDO, 35.411667, 129.158889
0 1           1                                                                                                                                                                                                             
  0           1 1                       1                                                             1   1                                                                                                                 
  1 0         1                                                                                                                                                                                                             
  1   0       1                                                                                                                                                                                                             
  1     0     1                                                                                                                                                                                                             
  1       0   1                                                                                                                                                                                                             
  1         0 1                                                                                     1                                                                                                                 1     
  1         1 0                                         1                                       1   1                           1                                           1                                               
                0                       1                                                                                                                                                                                   
                1 0                     1                                                                                                                                                                                   
                1   0                   1                                                                                                                                                                                   
                1     0                 1                                                                                                                                                                                   
            1 1 1       0               1                                                                                                                                                                                   
              1 1         0             1                                                                                                                                   1 1                                           1 
                1           0           1                                                                                                                                                                                   
                1             0         1                                                                                                                                                                                   
                1               0       1                                                                                                                                                                                   
                1                 0     1                                                                                                                                                     1                             
                1                   0   1                                                                                       1                                                       1                                   
                1                     0 1                                                                           1                                                                       1                               
                1                       0                                                                                                                                                                                   
              1                           0                                                                                     1                                                                                           
              1                             0                                                                                   1                                                                                           
              1                               0                                                                                 1                                                                                           
              1                                 0                                                                               1                                                                                           
              1                                   0                                                                             1           1           1     1     1                                                       
                                                    0                                                                           1                                                       1                                   
                                                      0                                                                                                                                                                     
              1                                         0                                       1   1                                                                           1 1                                         
                                                          0                                         1                                                                                                                 1     
              1                                             0                                   1                                                                                                                           
                                                              0                                     1                                                                   1                                             1     
                                                                0                                   1                                                                                                                 1     
              1                                                   0                             1                                                                                                                           
                                                                    0                               1                                                                                                                 1     
                                                                      0                                                                                                                                                     
                                                                        0                           1                                                                                                                 1     
              1                                                           0                     1                                                                                                                           
                                                                            0                       1                                                                                                                 1     
              1                                                               0                 1                                                                                                                           
              1                                         1                       0               1   1               1                                                                       1                               
                                                                                  0                 1                                                                                                                 1     
              1                                         1                           0           1   1                                                                                                                       
                                                                                      0             1                                                                                                                 1     
              1                                         1                               0       1   1                                                                                                                       
                                                                                          0         1         1 1                                                                                                     1     
              1                                         1                                   0   1   1         1 1                                                                                                           
                                                                                              0     1                                                                                                                 1     
              1                                         1                                       0   1                                                                                                                       
                                                                                                  0 1                                                                                                                 1     
              1                                         1                                       1   0                                                                                                                 1     
                                                                                                      0   1                                                                                                                 
                                                                                                      1 0 1                                                                                                                 
                                                                                                      1   0                                                                                                                 
                                                                                                            0 1 1                                                                                                           
                                                                                                              0 1                                                                                                           
                                                                                                              1 0                                                                                                           
                                                                                                                  0 1                                                                       1                               
                                                                                                                    0                                                                       1                               
                                                                                                                      0                                                                                                     
                                                                                                                        0                                                                                                   
                                                                                                                    1     0                                                                 1                               
                                                                                                                    1       0                                                               1                               
                                                  1                                                                 1         0             1                                               1                               
              1                                                                                                     1           0   1   1     1       1                                 1   1                               
              1                                                                                                                 1 0                                                                                         
                                                                                                                                    0                                                                                       
                                                                                                                                      0                                                                                     
                                                                                                                                1       0                                                                                   
                                                                                                                                1       1 0                                                                                 
                                                  1                                                                                         0                                                                               
                                                                                                                                              0       1                                                                     
                                                                                                                                              1 0     1                                                                     
                                                                                                                                              1   0   1                                                                     
                                                        1                                           1                                               0                                                                       
              1                                   1     1                                       1   1                                         1       0 1                                                                   
                                                  1                                                                                                     0                                                                   
                                                        1                                           1                                                     0                                                                 
                                                        1                                           1                                                       0 1     1                                                       
                                                                                                                                                              0     1                                                       
                                                  1                                                                                         1                   0                                                           
              1                                                                                                                 1                                 0                                                         
                                                                                                                                                              1     0                                                       
                                                              1                                                                                                       0 1                                                   
                                                              1                                                                                                         0                                                   
                                                        1                                           1                                                                     0                                                 
              1                                                                                                                                                             0                                               
                                                                                                                                                                              0                                           1 
                                                                                                                                                                              1 0 1                                       1 
                                                                                                                                                                                1 0                                         
                                                                                                                                                                              1     0                                     1 
                                                                                                                                                                              1       0                                   1 
                                                                                                                                1                                                       0                                   
                                  1 1                                                                                                                                                     0   1                             
                                  1                                                                                 1                                                                       0 1 1                           
                                  1                                                                                                                                                           0                             
                                                                                                                                                                                            1   0 1                         
                                                                                                                                                                                                1 0                         
                                                                                                                                                                                            1   1   0                       
                                                                                                                                                                                                1 1   0                     
                                  1                                                                                                                                                           1         0                   
                                                                                                                                1                                                       1                 0                 
                                                                                                                                1                             1     1         1         1                   0             1 
                                                                                                                    1                                                         1             1                 0           1 
                                                                                                                                                                              1                                 0         1 
                                                                                                                                                                              1                                   0       1 
                                                                                                                                                                              1                                     0     1 
                                                                                                    1                                                                                                                 0     
                                                                                                                                                              1     1                                                   0   
                                                                                                                                                                              1                                           0 
2012-11-09 02:04:52.366 ShortestPath[14919:303] 거리 : 99999999.000000Km
